4.7645910466719235	0.9782914673033414	0.08717554949839164	20.316096036681206	44.69226298709717	4.499647085942826	5.472988116654674	17.277165459680354	
4.481625886826886	-0.22745144905082518	-0.7350694283548981	22.528490723769675	46.17377869089701	7.207132245829288	4.695182919564416	19.722350931592572	
5.60012574130869	0.6812840742408867	-0.07569464044143542	21.32523307155114	45.07095067120294	5.318041547107578	5.044210218603132	19.8378157233193	
5.062617266163622	0.20826230918233224	0.1665369454228787	18.77658133480897	44.937439213093754	5.432134695636005	4.306311009955972	18.817770992845034	
3.730506125727681	0.13460296669698366	0.865237855888318	21.245420481294595	44.849164220822615	5.864876806662659	5.278927744161976	20.453767194545595	
5.155741058747158	-0.5865328906702104	-2.1004806831487066	20.38324923440127	44.15835017879287	7.35874104626428	5.860270587231068	18.87173584255991	
4.1145733002690825	0.20426828083149096	0.18635779031666802	19.75528028539323	44.79380553141337	4.204111842474523	4.679346170725191	21.494494726644472	
4.625133916381333	-1.1158710978514443	-0.5162851239817877	20.770610174121725	44.04873649053819	2.477794360202145	4.808721368272256	20.483481685745403	
4.293039053170179	-0.28052803578010577	0.023509001687676438	20.2009250143638	44.63640425113697	7.463449742773438	3.660471993003587	18.427260255211614	
4.891145348969328	0.16875457662045762	1.4583998432346472	21.496041201292087	43.55218832488666	4.985668228394641	4.9885209580356555	20.051086232288533	
4.060229442034468	-0.7007817552882867	-0.16227990133333456	19.99695645429306	44.05503680764658	6.698934659571801	3.909134504330961	19.647205630625468	
4.560689131381655	-0.20442232676000258	2.553005689344785	21.09252313425482	45.35407078800334	5.071437220352664	5.245886336199857	20.659455510423804	
3.891400022852086	-0.7225015667127718	-0.2451375629808436	21.23192436385628	44.79305433733077	6.866206649037072	3.791813827263769	21.972721765291055	
4.588860577291673	0.934510426120662	-0.6614854807992573	19.647113089692642	45.485887271038706	4.15300467132219	4.8587501877404415	19.625301828199618	
3.4306220414592903	-0.8120879104092747	0.3985549299120795	19.55954343913791	45.57271087776858	5.417235409490944	6.417746546354256	22.35159276757596	
6.942153443803409	1.0319364548246275	-0.48586031916108496	19.54446519243852	44.44246106392098	4.562506427052683	6.11149485460752	20.65201380804451	
5.2547652286624755	-0.6260622915053369	0.31982717870434846	18.6789307390016	45.79538744346511	5.011834744417236	5.789100889456207	18.56535398614692	
4.497972139712312	3.5976526841788883	-1.2943257840504743	19.721630939083628	44.92687264946124	6.742829028634788	5.848793343903553	18.894630457421098	
5.188978072379859	-0.3571861347894197	-1.0168298948034717	20.153533421900402	43.96140636151691	6.715026465463717	4.197649379329061	20.15039565030417	
6.160980039984928	0.6455410855041112	0.1802858994926566	20.052851717198017	44.92496494634891	4.988184925448644	5.872384447847344	22.064175836319716	
5.744362483242416	0.8689621251207489	0.7627022898072163	17.804536832434813	43.47478635854113	4.460643296276641	7.087300609517076	17.76900825877861	
3.3173114172948726	-0.7454052547283088	-0.7184616835895039	18.46009597966615	45.086205861830194	4.463524120723865	4.6529223389751415	19.80711390371456	
5.155702129021748	0.9601877284543333	0.632579885628762	18.62275817652829	45.57741999203118	5.116495478654181	4.589585274932997	19.902840592360384	
5.136382583894337	0.6468024638196298	-1.1796818245770029	20.341580702093193	46.05544143084192	5.114429275588922	4.8797469587818965	18.6837246580072	
4.75966415616962	-0.40448451464025587	0.35170704836409433	18.88457385001646	46.49288814746894	5.691060922842688	5.483332372626369	20.12999172531073	
5.807599678967535	0.8133992517394294	-0.4165489664922708	19.00068655287787	44.147630450912295	3.398328631242804	5.235619083997607	20.11570648064018	
4.463447665150973	-1.168948254700182	1.1173026797950243	19.781166833696986	47.04267815909796	5.74521853639268	4.538839014378926	20.513024221153298	
5.6987694135501865	-0.2836607812864175	0.02730384932147074	19.47878941288372	45.575132494371225	4.9598934572126385	6.453773629325073	20.209982390387076	
5.447280174863488	-0.5983798294205682	0.8514933336880038	20.14995978662642	45.34647760841605	3.818103252325503	3.7233057824786435	20.066943734247	
5.384908475648158	-0.9431815661949791	0.2760363543441984	19.29273073263681	44.9618599789287	4.7934631429854	5.472391580498411	18.39600912650079	
5.481955601365442	-0.7544550276058405	0.016769060085876367	20.4966035568986	43.659092640034785	4.54815186679347	4.747720643189897	20.125178399877942	
6.005016412946092	-0.40327260019303957	-1.4496412942006833	20.803753151969858	45.536443876827924	5.354869198262068	5.252952267573509	19.194737787805323	
4.54624382886781	-1.2061936249617482	-1.9380474181738157	22.45538747455363	46.74018080248079	5.230176562187346	6.173428173673704	20.316789768964696	
5.448464843877736	-1.5121334487272062	-0.6026854017732113	19.90891766269505	46.2928225191029	4.840869320013141	5.151843078848128	20.155949547752403	
5.093934470198661	1.09408742801656	-0.4907088337837389	20.02559903674365	44.970657223100226	6.215648354881222	4.514485762747301	21.45361046871981	
3.6180190987728156	-0.2243236473186676	1.873690735328434	19.93394566149088	44.74852229499678	6.517186355269217	5.022869049280522	20.607866952150733	
5.704002692555462	-0.14041773756935444	1.3925564076315635	19.95760288488157	44.112285462641836	4.1309900903671535	2.670643223355273	19.84350393025907	
5.185646240187645	-0.37409266091346066	1.2201823999998445	19.245762826400885	45.019570518693044	4.0070991415601265	5.62299528579955	19.107661017642627	
6.056040770154198	0.3852983568496076	0.3718816726669667	19.052601673220142	44.60708109040633	4.8388685490939025	5.837439461549152	18.008134422729416	
6.503129024593012	0.6252228990835504	-0.8115599670955493	19.179576239500786	44.0954775092593	4.826731510841329	4.057057231664052	18.783264261875537	
5.295537918171168	-0.8427553409148387	-0.41872966046739896	19.270745815834818	44.800773402614396	4.870072069131131	3.6197825537592347	20.15284615479277	
5.738787154000575	1.1158209454901435	-1.4725788120639325	20.419268008649958	44.38300599623226	5.566882308197322	6.025528999149425	21.055292590917933	
5.202996754153685	-0.19982629633423354	-0.6187976310430365	20.3756495729611	45.71844236443926	4.691548449361605	4.676668304245231	21.987922172069588	
3.802216465038584	0.9606272054808257	-1.2742974019247124	19.83898594459365	43.160630197203474	3.905785435965774	3.336799103220421	20.456378824618294	
4.042653096227482	-0.49165386088607127	-0.5437995243729676	19.01324436760148	44.10689552257239	5.238918838502152	3.9167175901946116	18.462418014572833	
4.490308472522477	1.0134155500633217	-0.08407042947037942	21.065495358314422	43.563539805056266	4.717122021826646	6.6509301893715485	19.82610558401829	
4.286638438537611	-0.6765587050641276	-1.827891744046145	20.70309973321062	45.74207173915831	5.9620037661703	4.238005145329972	20.071447624795717	
3.728405274000855	0.42315732456758304	-1.8579013242808633	20.450741136746597	45.26791186221415	4.003403218952688	4.573452107123659	18.685895274720583	
4.921404229795398	-0.3510568223849309	0.6653423332688451	19.626791543956305	44.899486027240464	4.467404731741938	6.212004151687009	19.997153684258578	
4.9859916866093705	-0.7480909054492528	-0.16320929609414994	20.705164782164786	46.358270669675505	6.2206386859563425	2.6851565432056916	20.40396550932137	
4.791134905940885	0.5640165975510182	-0.09640890326814015	19.800402019033	44.2293493569255	4.9263251421119	5.520264072978121	21.17011610280488	
4.327252432063125	0.16834412663504902	1.5922698909406305	20.126259650816863	44.44709820057176	4.744128694705175	3.5948762584075116	21.092910435496048	
5.310271817658121	0.688706718023617	0.0988744913405537	20.957479220848946	44.92807039531575	4.472178389301867	5.151691225350332	19.914371182603873	
3.142825894797982	-0.22512861076307217	1.5285637193753645	19.376754294081977	46.31414496086869	4.27865660117767	3.242879124022199	18.554345220309887	
3.9670451607035964	0.11619035108056774	-0.34047179453268167	20.64072321871081	45.18937716237859	3.6556400284007773	4.420889663334784	20.946750986974816	
5.590329839159224	-0.6570143065314781	-2.537674917249124	18.07649807042204	45.19474024352538	4.516108524834438	5.919946769617987	18.35672183549224	
5.360490693041329	0.8549003241916571	0.3089677615458946	19.86017271638533	45.02382868654245	3.8477976160795384	5.428083192070499	19.316771766998116	
6.487063156322348	-0.4284179320641756	-0.633034265216984	20.533684593143953	45.76893102428939	5.74011207228556	4.41992888614206	18.924902521426866	
5.930844106500949	-0.2250193785438263	-0.11719135991307611	21.276992373703823	44.11006398759274	3.4375980218510147	3.630934168924157	18.256943023849633	
3.8089736363269355	0.22381517607696028	0.08037282766900597	20.03156202538539	45.270991049192766	5.425008848581323	2.9327337815760375	19.756409401527513	
4.24425937499127	0.12851077759539292	0.06080807503097842	18.662110910826453	45.703321038309376	4.197415001020836	6.131243491336264	20.309459875744423	
5.115944405688004	-0.3192555291867895	0.8962927121813282	18.70345111131221	45.14435139957116	5.647379836097624	5.626075579211591	20.903797994445796	
5.227955677883019	-0.43276857361203147	-0.3724932446785902	19.86980699014005	45.77043615735533	5.851125627730823	3.3499183163299593	21.514687650899923	
4.884864679433043	-0.8212608777915105	0.8909973461530171	19.9581367994076	46.10032533440327	4.118646467071504	4.805782558361825	19.683352321828345	
12.089622800377096	18.722623577518743	29.732795521379103	25.854339741083113	44.85260648098111	3.184764124034107	30.651794065284797	30.08592773789172	
13.337621709679839	20.52365473818074	31.425772796333195	23.74493878166844	46.326499828360035	5.3658158176788175	31.97886021206556	31.46282711860982	
10.721360170911613	21.461726027611356	27.51746865979858	24.069872668933407	46.1126415417076	5.154832181738725	30.884487687015515	28.06273829921883	
9.22352807058885	20.10555896325114	28.327531549670947	25.495616213164165	46.28819835020302	6.35895538243195	29.641575063860873	29.185491626467837	
11.933975742127714	20.950003396463377	28.572353201387195	25.240247535360112	44.58400874714786	4.482107609750653	27.72016978003292	29.6160734591333	
11.744431508605786	17.937804528110927	30.71491273852048	23.147977240997765	46.7500611186999	4.6167993308347635	28.928025375643347	30.641332123747965	
9.368501748777723	19.39535668357331	29.78150824897187	23.675902464534794	45.44943106109843	5.579438739283619	30.732746134786687	28.50863986294228	
9.477271157469632	19.554001181822596	28.171563610100062	25.452819872766263	43.281597384309535	3.6361203653622347	32.43911528862348	29.20086646831544	
9.44161610478268	20.833912317727673	29.503998145313172	26.33726871362077	45.61127827563803	4.59264386176106	30.45936705138477	29.645641292794178	
10.408581029496146	20.237138048482187	29.8350901526904	25.091378960968488	43.33185226048235	4.490432732713136	29.859686872808286	27.704718658712412	
10.38496104005791	20.227017761084692	30.55026462792777	27.083129518313815	45.82446777034937	5.736074366408252	30.049158334054425	29.367433170414873	
8.85882046839324	18.530558530206967	30.087202535135752	25.3535996524738	45.0479977234694	5.077464758303738	29.91080263648335	30.990549053813933	
10.3286300333646	20.67016681103362	30.353209383047655	25.30626625598315	47.0737737194039	5.016179722479242	31.412430092728222	29.566009849254765	
8.99478676417448	20.375444987723267	29.523421217225078	23.770136672857706	45.31693728126825	5.185325490803246	30.24190185937065	28.62629981192039	
8.94667938258834	20.895640807291077	30.802031156842723	24.85288770900586	44.403638168563916	5.189499283170813	30.0601312841067	30.33641225297552	
10.816330902279901	20.837369228300417	31.00000329834789	26.93707667739958	44.63297751364763	3.9462041509281094	31.83207808040008	30.840173551732494	
9.222821992176435	19.398100515959534	28.74248057320148	24.495126435605904	44.29560053245994	4.427996944822025	31.90210943319962	30.716384642838175	
10.035832278553888	19.96394675530624	29.580986667209494	23.598472432049935	44.642738913627326	5.831549259771089	31.53456152603693	29.68226010456915	
9.159462926097632	19.67917350691631	31.127620247215457	23.81946440196692	45.34466863876431	3.4606136108322696	31.2489272940783	28.545354593988137	
9.1861342395229	19.575310141836134	31.053755165224043	24.863207348407865	45.515913409546904	5.978666005402031	29.88479515125781	30.645466654299668	
10.346798248570547	20.66458425406953	30.903511305367555	24.762936026543695	44.54025289769415	3.4026477867255718	32.20147007765074	31.07573515208351	
9.48251118996423	21.219208274790248	27.944030585649283	25.8220932811413	44.345156215357015	4.961915339234441	31.46040228451345	30.81356286664679	
8.390571549788868	20.171893910452695	29.2827482715816	24.79020150575181	46.567928933400424	6.520611682383879	31.582897529626475	29.413526104390193	
11.612975270008986	19.74972379568579	29.346674070433743	24.81405354188796	43.87652104438746	5.053963091599735	29.762476083276997	28.326729058765796	
9.7071814917763	20.51037327755498	29.313667220105806	25.276976627282313	46.08396997823081	4.406746073571378	30.66587445276864	31.004974433082033	
8.537350787890329	22.203503112919048	29.937693584708075	27.2650162170262	44.213881938847514	4.390766365322926	31.34671724410922	29.73185113540203	
9.71872087630212	18.425965221271973	30.446409586170603	23.469785754482412	44.69907549709256	4.336057760878223	29.936309214729512	31.881625076958684	
9.909208580008684	20.33413964384089	32.52817066722646	23.895004858785846	47.18992309885181	4.240514630595578	30.895994029203834	28.314581898326303	
9.841434520951882	18.012679400638675	31.208856781560378	25.116311002615628	43.03472170362271	5.928181051887862	30.176566425512434	29.36672019044865	
9.19627756811015	20.946802490555132	30.43034814547579	24.10821824814048	44.809818200818256	4.860435306323111	29.589235712599567	30.76824542705034	
10.635857571065113	20.553165573200456	32.63071382633696	25.239442400690656	44.389002137269436	6.986246114040785	30.188808492275406	29.07552180817623	
11.46825161284774	20.387284401425227	29.006601874587844	25.981635365628662	45.878620495225476	3.114416870962591	30.51689755093819	29.887544342904807	
10.992974532349471	21.850646732683998	30.354198350965014	26.715847522416198	45.14813888067541	4.337192919592602	29.94351171456757	29.7653343634629	
9.747164610541354	18.43012116202786	31.61455051331277	24.299383395642412	43.90749122825763	4.471968483292331	29.603724760327594	29.714519973752367	
8.673472854725034	21.182505941525353	30.43419836496953	23.13112469896173	44.85460625306121	3.875637547599131	27.62009078257116	28.888920285310714	
9.545773593368388	17.994383503483565	29.745326865843733	24.694787619913658	44.5831310526044	4.867149030386558	30.38648296773515	29.406126104367985	
10.952019429088555	19.71644654410674	29.782569417484027	23.916270827436485	43.979817643939334	4.363071103074815	30.343303000405577	30.10221851500916	
9.947293341713479	20.556638234446662	29.67415707473443	23.162817738797038	46.35114905848494	5.767541034797969	29.130696064773645	29.974067206606996	
12.406551733612485	18.928588744764774	30.873864847175167	24.477624554824743	43.81019701993819	5.6635090986249	28.42659264219307	31.27724453926672	
10.795054297927846	21.376958161882914	30.079639029395235	24.653176410753044	42.63459427077188	5.470403685795826	29.231506368077458	28.455156240224586	
10.2821908112186	19.025508187647816	31.467375593210544	25.011867358099185	44.36699848500918	6.329614192072959	30.36659354097653	30.05038078404402	
9.813346073697739	23.39720336446893	28.372331797396594	25.757181529361105	45.62955542054294	7.038602774744375	29.24189769319064	29.24140960910763	
10.060757048493588	19.882725357189496	30.162792674246283	27.098109619776178	43.48709706817033	5.191181503190552	30.72621526254186	30.552096232803226	
8.45772686321032	21.08040873576367	28.327553100466847	26.113933661077013	45.89502130171614	5.896873908091941	29.430278724118946	29.087907410983842	
9.682508211005418	20.181110032393015	28.14068882883315	24.729200503788274	44.41707422763967	5.814780698890605	28.172983377590644	29.64343973857396	
9.075227155834591	20.547601868099914	28.224557763139558	24.336038453083756	44.29970740016415	5.622230885128943	30.175743911836207	28.454398168020205	
9.96886317554869	20.91346504476555	29.39972200362433	26.769632142837974	46.44261801746804	6.418734736839472	29.84987057921545	28.516458283734657	
12.101410022552328	18.285106137119527	30.503892743369573	24.120028587106898	44.375024542440684	4.855666509437695	31.550226457669797	30.298285011805618	
9.674403903580794	22.077919819396076	30.383134759542646	25.332884000357524	46.4674761304068	4.258039241569963	30.691888178439083	30.094159836811546	
9.721928429667296	21.204721267524533	29.434326626179306	25.01809791149117	43.83881520196953	5.942476537663157	30.769696826549364	27.84661464481737	
8.095165104675814	20.076917644871575	30.18096222494915	24.469666677115594	45.26786439972002	2.839280115443269	29.392829423375044	30.193475599687957	
9.016155086217722	20.41302133421009	30.18543495897722	26.05060532319047	45.60248896671153	4.338355639985641	28.767092540169966	29.634682813569974	
9.967128600719079	21.156394338436826	30.001001991160578	25.301440421206465	45.443301372410886	5.108504893162108	30.250865287101824	30.23769090240564	
11.426053680224273	20.74022788581939	29.973370003869555	26.48087013719866	46.166857157190194	4.8889793752525845	29.919581127408346	29.22547104523422	
11.07543250455759	19.232722477225757	30.179320043851988	26.002176959423046	44.789024637864536	6.957790890369636	29.5994286231037	30.970998755361745	
9.79893899155566	20.923432565108797	29.61031954228171	23.948839069425343	44.20685235765494	6.155286960438379	28.302638495182048	29.23368099144794	
9.316801471228068	18.54761053684624	28.18789481284405	25.922410116121625	44.114402868118354	4.679038525283826	30.441574495159596	28.405317680878298	
8.435399660103073	20.23789539863746	30.813313426633382	26.013131244802018	44.9658860147344	3.9576787894953505	29.39663115817795	30.654786408954585	
11.32503699355822	20.73948733085473	28.687881343846307	24.661883377621105	45.936062355547946	4.550863869016101	30.71946926635386	30.787396793964287	
9.424389070522551	20.508264679222577	29.379486665453342	25.815992089524553	43.45787730782055	7.130009945318462	28.85106673228055	31.736594520259924	
10.198418873268302	18.888286027542783	29.149256522617662	23.902217374713555	45.467505212141134	4.037496056182887	29.380194477421576	31.48142000079372	
8.81249080337833	20.60397918640773	31.437271027998534	24.537297082393888	45.09442294458273	5.099395631491272	29.767677987693244	31.260176453796714	
8.071683420518918	20.66698302720151	31.08313494327921	24.70426532287834	45.70358561124871	7.505050755093359	29.01293070068874	29.792280087976586	
9.117555846843302	19.92893303360833	29.23416714022583	23.834883428737015	47.17471606192056	4.96622280588978	29.653708574459753	30.221027008629072	
40.15991571480593	11.001203232779373	29.253274535479573	40.36458382110958	24.78153245596659	4.833487633983388	38.59562245691596	16.347904427288967	
39.115853024538154	10.68235074518195	30.919455004912923	40.85485419101624	25.434083369372747	4.536872810451808	38.85415363761483	16.213179978589825	
39.02937034653064	9.517961301213202	30.259843630987227	38.21787225437812	25.114725855852786	5.162010105595928	40.123586734385874	15.43665764003219	
40.64212022255955	10.059482352931019	29.73956764232341	40.01731844711712	25.2311187833671	3.297610975593239	39.32591440949707	14.169083995927396	
39.54344210456213	11.489037134647301	30.108510212493346	40.42035906817402	25.83365763904335	5.424178124235346	40.43622767241035	15.499041471765684	
39.94395016102605	11.676732447711423	32.029516512043216	38.585646407763996	25.334554970015457	3.9603762236946936	40.76602020370098	15.333926094103667	
39.75657799496417	11.306195413925465	29.617103311643678	39.24619669693803	26.137630055828364	4.743554013479723	37.97136624631467	15.69418346269126	
40.60457740569662	10.98042299415862	28.64631929126106	39.23037232197113	26.46518961074373	5.590266390470057	41.68247256054578	14.059856713884184	
37.424638186484884	10.046660140698933	28.186906649234185	41.00168351522791	25.983691933549323	4.13273806818112	39.11561673257908	13.671541452482629	
39.3372818174573	11.051376576820024	29.606975321839332	40.63194225090102	25.26365638196632	4.727874259908557	39.816643712125774	14.986562074110235	
39.85492379736667	8.058642057722762	29.318495938345766	39.30595076410314	25.215642254112755	4.754187577225141	41.270351564699006	14.798208779124103	
39.855245390219814	10.469813484756722	29.37223118921163	39.320455250739954	24.494055547356073	4.066076024939133	40.735784465810255	14.146386070326837	
41.185672543324706	11.216950347581037	29.67256997713544	39.875697676852866	26.02680076920631	5.3065863093102985	40.938559245486545	15.934195851840878	
37.16409284895617	10.530104523899322	29.65712261909154	41.05129288154571	25.800056749236937	6.078397295023837	39.972070519931506	15.042321300056898	
36.97275269558618	8.773579238246942	30.24884063483453	41.8412544511678	25.207289048304915	3.0472011802623435	37.92446546608741	14.152341438915952	
38.866936390617816	10.623939323030095	29.471442552967787	38.259481784492856	25.576150483951064	4.74753436117831	40.97976368088466	15.88685614330327	
41.506459447467584	8.995657886390216	28.845761782029676	41.31365575987271	26.64992019542222	3.8112375640444136	40.530401457869345	13.717847466130355	
40.916453407167715	9.10627830922353	29.619443433811263	39.363326904840804	23.171319439741062	5.8737961796958595	39.59508518457231	16.198865401909213	
38.963372395227196	9.61305806184832	30.21193310797054	40.579629707568174	24.67312771022832	4.936342813235702	39.59587779474459	14.765767881570808	
39.49273931413996	11.382111828751402	28.81156168036939	40.113116125741556	23.901420976467488	4.366805840108937	40.68240914921334	16.091469484834093	
39.97907395699419	11.765813439972924	31.52347317743457	40.27110189170272	25.842914496495826	5.8079598772579315	41.141768479992535	16.071221793194606	
39.4250315496248	11.767021181943832	30.002673781807946	38.80877792354624	24.14877028915338	4.616271941629153	40.313625116235904	15.211898385459492	
41.615253291900835	9.721693656818388	30.332012348726426	40.316982908938556	23.47660317429386	3.5714272466214334	38.80232445060914	15.745583457172293	
39.60403056711477	9.0945207264704	29.97010242401948	41.855184191670496	24.696544674068576	4.240373571359925	38.58449877252181	15.419205025366178	
39.89820120879392	9.486919930296004	28.308008602443213	39.31190378094076	23.808849198581754	4.403979321012411	39.91018730617466	14.82722443855467	
39.869338583589034	11.353744835965854	30.23186247659679	39.589786703997675	26.329164098274166	4.076705352602999	41.77922548177337	14.871172299127112	
41.61987064656936	9.884934436123567	30.68405947685708	40.85628956338983	24.623516015344865	6.393198900032185	39.97138532033542	14.822214552073603	
39.3325499175053	9.12662467847374	31.56932260219942	42.003152864410254	26.0348071821483	5.394731109242847	40.43306578967526	14.825861762951096	
40.141246911358714	9.946378407682758	28.76371079318594	39.14775140427255	25.03720852565427	5.576503913282171	41.39636654928165	14.634017000280112	
41.655418272824306	11.08431395147437	29.69899735057019	39.616500008684554	27.311820177985204	6.323471745399008	39.13151006406654	13.449196124832909	
38.615661976085626	10.01803918118072	28.583227290437055	37.85534886425492	23.99211115174977	6.2866083640132375	41.40907333881833	15.149274900476575	
39.97729976285685	10.033104731997547	30.376770569113017	41.83273660872698	26.09838261242795	4.118002299589157	39.01376451726282	16.260852832637813	
40.984121770144334	9.490319764994902	28.408409413529565	39.92698330443724	25.42217405835786	5.9052380878664685	39.5442960409866	13.954448969253464	
40.1408337384782	10.588429636706836	31.854582451567147	41.127207787739614	25.67019684781064	4.3758160778386195	39.06058798478444	14.931225216222785	
39.838091703349086	10.705054316096492	30.35896729326225	39.253972886098644	25.111067097807787	4.531145730734359	38.571073364055465	15.400704262219326	
40.44800119748024	10.551952089291635	29.085613131785678	40.479813598849	25.282179716818842	4.557517644083604	40.0643260677834	15.792563285570546	
39.90712460034548	9.802201421758616	29.731418974372946	40.94510229602938	24.953823867861	3.2688053965684905	38.457351306712496	16.377349614913634	
40.44255931271136	8.996335064916568	30.982666355322852	40.21133918877576	24.521524401901623	5.102711200810693	40.09159376334387	14.197350686609393	
39.369454745167666	9.937172482537337	28.361613317339042	39.33724098080854	25.489558824091834	3.681948544756086	37.841904461046596	14.689306481497935	
40.735625905005314	9.096780962999576	30.671733471821	38.29349669688911	24.1194914535968	6.3451572691098805	39.87780472920824	13.781622774658864	
40.68905865419609	11.901098604731429	28.725679204228936	40.742690088359694	25.34851419443916	6.21845918561673	41.56887691868341	14.942108597874011	
41.40533966393265	10.59389235067849	29.518361540037272	38.44258363427141	26.116190309823335	5.2269697768856425	40.021100104768415	13.704496969068074	
39.54154025146703	9.320171391103028	30.89531212148904	41.1269590461064	25.704053724803636	4.756886090816535	40.12869212591216	16.109654736890587	
40.564028769944905	9.413210899484762	29.78548003242382	39.786578764716836	23.752074553507036	5.079679966840641	39.552026400544975	15.368733795949083	
40.0617004724312	9.020147339133533	31.21834839221215	39.602766666310906	24.27858706927638	4.081906395803982	39.03832009036523	14.131758106472834	
41.64243264976381	8.295441939645732	29.485344717425484	40.52374598143202	24.983027761694892	6.004331813023355	39.416630239599186	14.712013589431159	
38.15705460411596	10.217655318103478	33.35983461221743	39.22235429279439	23.910534238340432	5.453951939581005	38.713983725334614	14.115404993813968	
39.12320131348941	10.136041789871243	31.411208153109936	41.00789971519186	24.79323178139179	6.319866438530123	39.06761806604229	15.103818312122048	
40.17179019217139	9.582116458779106	31.062790063935157	41.32661603329863	26.74631973941558	6.819603640423	40.222104458810826	14.863453043340828	
42.047752443306585	10.533572515169471	30.842405977388218	39.96975013110064	23.831701640129783	5.456668787994584	39.04213389012343	15.771830959887335	
40.86476178093622	11.179154562378098	29.739492523717868	40.8758164210941	25.34460855029634	5.608908016197509	39.20381401763311	12.729635596081309	
39.53996567906313	9.48467700735402	30.65919056470503	39.53324148596444	27.163428636663856	3.6630392020148523	39.96913942030925	15.294018500388837	
38.447710387134485	9.383930279883362	28.243142652419152	40.26354836868491	24.539272235697204	6.0159939730430425	39.18038266344337	11.856919113569859	
40.683817793764874	10.885996670746026	29.041115107540058	37.66878931852998	26.495595957217677	5.157486761024921	39.48012956616554	15.476584387144987	
40.809774436136735	12.606967881228762	29.776343983092023	41.108037312172385	25.4753292141487	5.188289066079568	40.61270487087294	14.649124775896539	
40.20002995655053	10.324686014651846	28.95729122357992	38.70297581813378	25.95562192528269	4.256074131553487	40.643343810838324	14.575522895312192	
40.34669376353083	9.617917181518811	29.400862312689473	41.70509954026678	24.937345236766543	3.5839128477154922	40.59244682643073	13.023012322117735	
39.20048485361585	10.620182915416521	29.62279634694058	40.00373402680676	24.866157919173915	5.564971342864208	39.4800350023252	14.648190543917988	
39.55720521741822	9.82729813271817	31.987139306671263	41.6276907633479	24.5518184905698	5.758839838819282	39.72164925267503	16.200004260419334	
40.78678131616697	9.975947288631508	31.98152401891263	38.342990345991545	25.415092244064017	4.453973674571535	39.88653680204739	14.684772528245722	
40.13607742381788	10.893968091429706	31.042496377966536	39.88814492878425	25.329177464526477	5.1512775198107885	39.33555603424295	15.013693686826148	
40.92317467046347	11.778204674592436	29.52455269111904	40.45261994806729	25.927105627226975	4.689102621207115	38.66540534745783	15.529260201360072	
40.372496872318294	9.538139930225116	29.62903060056792	40.55558523011289	26.341378307034823	4.942532150444163	37.30742016943926	16.9695440392773	
40.09940787136838	10.132624378686177	30.503037485427942	40.83807824857346	25.320614627797287	4.479625179942207	41.693157959922665	14.494284026454768	
33.97089994050406	16.544447284699544	23.50076801457724	8.810362477268285	25.936051569179714	25.70948214539019	24.743969062377836	30.311260404676183	
34.1225803172512	14.730356609606908	24.874577206312445	8.27968864201108	25.227851921851816	24.74822816065373	25.976775167358237	30.32951353851881	
34.44791641140481	14.235626965591267	23.78116799943872	10.590145543130035	22.803619291340112	23.989438751907457	25.060198563973973	31.051546115159905	
33.256674291663835	15.329292544456349	24.47510287550663	11.731712332289115	23.647867354277903	26.057517453117878	25.214274894564173	29.454652504524745	
32.483365878401116	15.42821450229684	25.7315431364642	9.617895982839407	26.801378844570525	24.609497850228784	22.540529045006163	30.122994334328034	
34.85012746782974	12.396684346840516	24.06147764011992	9.782124781531438	24.323912328079423	24.451146422098883	24.71490786407534	30.268231418887	
34.43595899754834	15.319508941915208	23.40670501913115	9.976810089622221	24.40068309713779	25.71166244676599	23.283962776210892	29.27677452965203	
34.60116807128019	16.11248135047168	27.033793580249142	9.44411361796972	25.540133882267845	26.35440373466231	26.132059389995224	27.61798809642814	
35.41705035582491	13.162408400790472	25.460250694896768	9.81062276449164	26.10140150471121	25.585780095417533	26.642993691625215	30.193656846471203	
34.789002735699015	16.65629918732802	24.20933839547732	9.758857949815573	24.75841548647861	27.039861536425818	23.877267542354065	29.082311747549163	
39.291846117440585	14.684056496809566	25.104238003869305	9.14163270360063	23.511015869646283	25.27235474629545	24.135275599381647	30.653113362342218	
36.39556591871184	14.45292480079992	25.39825346354083	11.535765825968852	25.573527251941254	26.210016797162773	22.902642431684406	31.056440251904235	
34.048129571919866	14.300885663702175	23.60888270564683	9.672606902625292	25.024004700817777	25.173245947397632	23.6380777976051	30.837639732894292	
34.90810773628672	14.269126454498608	25.48559351001041	8.239900433128183	23.3589496478654	25.28187642382082	25.571453495948738	29.338912524058678	
35.075335684277626	14.693206774646082	24.417278105908633	9.605942120799327	22.65206399369975	24.30431523562731	24.396757282149533	29.764651340840803	
34.15201931606613	15.40786444929729	25.59609268173862	9.264864313240247	23.494113922056204	25.350006072149192	24.08972544517783	30.4132870292759	
34.51191678517903	15.189681196186912	23.621388288290888	11.68710301513261	26.019751383999477	25.982431205701108	23.13991047614495	30.483796254847064	
34.420973434268156	16.144347880752523	25.23685748812965	8.494041892649461	24.481243913708354	24.2619026097673	24.655697477293163	32.07806199670815	
35.47130954556051	14.659304330983153	24.13192839680099	9.97125818000487	25.235760453155134	24.96648513054733	23.486282688954937	29.339050321792396	
34.504697836972596	14.336615977055784	25.264366552775357	9.37701785470969	26.50759590278049	25.104888313659995	26.04502932039427	30.32721180957873	
34.91272201763828	15.02937528656583	23.62262415533822	9.512058136759007	24.874920026759558	24.353183098264527	24.96645512570462	30.41562824521	
33.21815510299679	13.67544775605814	24.996882900618612	10.59733604096675	24.793620296196355	23.791566031456938	26.125628926679944	30.404885118213027	
34.90577173062482	14.611368070262445	25.15850565115838	11.369773369387293	25.516853921030375	28.3783936853606	23.76394859017461	30.52323037999404	
34.673263618175724	13.857579081652204	24.373743152252523	10.993233525781323	24.551540144543416	25.737894895325834	25.450520022931013	29.818202004251667	
35.47112449901644	15.62147196561195	26.241164157142	10.353908279638805	26.25988109000317	25.527261769376555	23.708136357934247	28.969635279420647	
34.834017693489784	15.694706292572494	23.527327113764112	11.292608482043812	23.718905116320805	26.43212601788346	22.250200778675786	31.32381902452973	
35.21168863908732	13.837303013552315	24.623482964108554	9.148263770217032	25.856067258620744	25.51778085625106	25.67912286108155	31.19525844236454	
36.274534827992866	15.298084842184124	26.598775639185963	10.349764784549997	24.762428768207325	24.943345566163906	25.067797835764722	29.821255738195084	
35.88281198605638	14.705784080525259	25.344073653944715	9.541767227625662	25.43041555050062	25.10929913044739	25.409902011274923	29.508255950732433	
34.50806256483771	13.905237084925337	22.833279831766763	10.838289101829437	25.281535045162887	24.96308691322983	22.85757799089169	30.58211705304761	
35.53076942168133	14.708658437172257	25.827130871869592	9.957174816977457	25.730617374509837	24.017281743268175	25.897175294870664	29.741634836193327	
35.25732708474236	15.283530666545879	25.07119752680412	8.74605435655972	24.460535071566603	24.78508683088114	25.461136637416278	29.428418998244208	
35.54747750774316	13.700106461481155	24.03819003611592	11.179547301067183	26.81451959858661	25.033921695689422	24.8605017365186	28.963490222606765	
35.57662630231839	15.584797167845473	23.818817953816776	9.246496309107837	26.31188004548447	26.09273771090572	25.39522216487896	28.91646727989523	
34.217009932339344	15.27604206660014	24.17367091726119	10.314997870697026	24.23037396130031	22.62944024018903	24.856170357849393	30.61746844100395	
33.885926084801675	16.229387629727523	26.9132047264008	10.93205291079526	25.885837136343692	24.188112433032035	25.301475208628286	28.75708881885937	
35.51620590637239	15.714455752814855	24.382349758454062	9.611912323187381	24.350784561798424	26.251557096204998	24.9944478066451	30.84896534122509	
37.0257968549848	14.769115070613388	24.02014735040467	11.137038463543316	26.81516993598605	25.66203555534443	25.39319197226441	31.15187398982466	
34.41167561866428	15.858559594951222	25.002938108005544	8.873995703756094	24.134316058455187	24.82210153187055	24.85491040645807	29.20191452794575	
36.50443226900635	15.13372951353562	24.451826659626082	9.741873546233652	24.436816950124076	28.00702598700692	24.12904730059911	30.434729229609438	
35.89531245578177	15.215799403668596	25.549857138178833	12.787503219367855	26.21802876268043	24.299139162978534	24.55844611684325	29.30325648765442	
34.37193844741879	14.862402044556763	26.856978455780876	9.591521135993052	23.84936228590881	24.4368041766188	25.449705509962445	28.891100827867824	
36.25452715199776	14.539103924223552	24.96900334499625	9.337684003008013	24.551329845065055	25.375343900022617	25.22640814740478	29.495782524018274	
35.50472597083504	14.778034441262532	25.38118934599258	11.065980666114	24.707574252364882	25.832444969027257	23.141989924045298	29.756214081803385	
34.4370062651515	14.977401693161385	25.52844978158885	11.101710142710807	22.090935511042538	25.02282717682225	24.799778593327275	31.45197402934364	
32.56531193440996	16.587650067354904	26.08833600330098	9.982841636666084	25.172464115934247	24.37463987360149	24.386626589452426	29.593105270455304	
36.886456146044324	15.327205286575076	25.2384163024233	8.093075212398224	26.372000305218346	26.108461038051818	25.007034924746268	29.233860464767726	
35.23188532126147	14.195842355794204	24.4466353367355	10.036409236453585	25.39559735418712	25.623260655558404	25.19987034250847	30.996240194628555	
35.45758103519605	14.544486500277705	23.65644545280481	11.521309325488895	26.007537233576315	25.01860110407279	25.396676358679926	30.820595003837585	
35.75394264026849	13.6827840859222	26.020203617974467	9.955794780523822	24.21021081313937	24.450755834102548	25.697621473246834	30.268169412467614	
32.84904998166307	14.771881217654357	26.05572696855461	9.855015228596823	24.74354615465005	26.094355480187367	25.24308535130692	30.922869675508604	
34.69694380029044	14.95588729392022	24.585802073035456	10.169033413290318	27.274645757986846	25.84650112290601	23.628877507109674	30.218239328212785	
34.06885141690638	16.027908718028712	23.513499592365037	11.343826467960682	25.13125447387225	24.27802406719561	25.48148422742907	31.830812226323886	
35.81250137794289	16.621356971367856	24.188361953244815	9.550852816064983	24.77458501684138	23.253525115955423	24.688828112272734	30.0686783673737	
35.13243254866314	14.94677586122492	24.750092983508974	10.023895691530276	26.6595113406468	25.964640774289318	25.32436950612984	29.058385633224237	
34.99549424191783	15.095697596018116	24.935939729675834	8.418094403757811	25.886852754077587	26.448402772820742	25.237802193246466	29.37282282809626	
35.31374595170937	16.037596423537114	25.3777206409835	10.298339749943658	24.349922912267942	25.130077575274875	25.19897966252102	30.778207789265622	
34.738678887267575	15.14840041837801	24.959029909583098	8.974838607527365	25.517737881862	24.981498888839774	24.93824445682757	30.530708596178975	
35.26616156655589	16.720713232141815	25.857435673067975	9.849441356032056	23.69481804793164	24.05778721894165	23.91637100206682	29.40860162844852	
35.260930934674946	16.489970693266148	24.46958607099678	8.986350535973928	25.510828532544807	23.8197181185513	27.165543536028515	31.330510835771094	
34.158157288149454	14.171290685578056	25.28315131063617	8.971018521525178	23.8923750331926	25.68228077185333	23.8686406886022	29.15845416847701	
35.917639246236575	16.497711472254515	25.23997612214243	10.130884792307379	23.699950273718628	24.31771862384486	26.08424007108118	31.662875065866178	
35.932212264069115	15.022895597938712	24.44205830363548	8.653285638121742	24.607269811527164	24.660592232378264	25.633712514756333	30.24266305017589	
35.18887247256678	14.44781345841576	23.556209853768486	9.387442772994039	22.299331340460007	24.06359877056815	24.19424688841872	31.510415993814743	
20.969262560324836	25.155630292944284	39.42099818016984	41.65247120299243	11.416069837287626	29.91524984764449	9.291052617136495	34.98856979353586	
20.13113621634834	24.2888202959666	39.57629494703686	39.810787185973425	8.935465070702733	29.89971222147513	10.604974818570563	34.31485057722675	
21.773554120362974	25.963325385237557	39.48229589935272	39.09145184212946	11.255476544154211	29.975259313089786	10.437490854005338	32.74727086349412	
20.125405736135193	26.10649244587061	40.74618139143603	41.48845382754135	9.24837622917653	28.962797180151746	11.509942261592606	33.933761762836816	
19.539144089539562	26.432622985421993	42.02028366393702	40.22528466881354	8.882544360211888	30.59549706967261	9.42886212100348	35.09998779134769	
19.479421762793546	23.532814292945236	39.59475306780185	39.32108814909494	9.837796938694769	29.711595224910706	11.184206770759797	33.849707563904474	
19.73664812578111	23.436897560392158	37.40325593822494	40.5015868000343	9.880100344476178	29.575780605020192	10.099477322305825	35.11207103404325	
20.96421333389107	25.96179918222367	41.031274987255415	40.23544947494617	11.991957145940104	30.534736716899673	10.891044704555245	33.9932239897581	
18.037489054913156	23.4604002059949	41.47326292446235	37.501812375818375	10.638253906018196	32.37638528995229	9.362559734955562	35.12365313673862	
19.80252229420233	22.912460116120585	39.79861892554138	41.10588082448758	9.780582485009301	30.54238893373273	10.326387523712059	36.138006696228615	
19.29626932365913	24.673265681395673	40.6358596573639	40.85824346672487	9.790301113315438	30.879412361414946	10.364876353913411	33.16054719842747	
18.13830786002931	26.189601304707548	40.56040650174107	38.98618073258926	11.837329561590755	28.43699100567396	9.81675803517706	35.688512831672625	
19.09221216490866	25.070869515719682	39.40102175869242	41.40029571004556	9.112914251282875	30.122818862495244	10.14884029893234	36.743719847843586	
19.336781838298467	22.776088831380846	42.573687549265074	39.234970855708966	9.537521195997495	30.56260849983639	10.868424455188082	33.88348106453915	
19.58492977148557	23.562867247008498	40.043549845189034	39.508192795770086	9.543646192909817	30.00490678604635	11.23569135796118	34.220128146671115	
20.744104297360074	25.71945021496564	40.14450460622243	38.83587615387728	9.62480399055212	30.755178535388037	8.622924746185832	33.77441085400521	
19.905406209855183	26.125990834872894	38.91487540769422	39.36666627608331	10.698842231004596	29.588162596050747	10.539573743063151	35.24294556318035	
20.033066813619786	24.55400297259668	41.11182476649426	39.16454257586113	10.093819271206655	28.7194895131923	10.489940088802868	34.46488257976735	
19.91697818108295	25.515862420764538	40.96872251753094	39.94085605682931	10.123516379748098	29.600102927457858	10.771428632355873	34.9726776582307	
18.931816011178356	24.038870471535823	39.21485158082196	40.01820801093882	10.550265928239288	29.77262998041221	9.69128176233226	36.3685829324311	
20.215322889289517	25.22038147044342	39.60996652802238	41.00678183064054	8.136870079815886	32.24122226633504	10.514048370587602	33.89479014106281	
18.62108651115155	24.420816136010906	41.10135090325833	40.17033181738896	12.175579567451033	29.654041314501704	10.178091840696352	34.731647483033655	
20.012229627675318	25.81933809401086	39.862485492209096	39.329398056341944	9.14926270930233	29.961372199774612	10.267696861470295	34.79105223687108	
19.95929281552754	24.252016204536094	40.34968598502129	40.40644902092989	10.557725059174421	30.75892565445288	11.312146879501558	34.699608534089215	
20.12554988003223	25.39052924709428	39.399030877025965	41.253110949902066	9.89561203684654	31.88080801030562	11.34663489110141	35.65617648098973	
19.374806244465987	24.658921554653755	39.855560946774915	38.36958209891012	11.109898099135853	30.963547374219125	10.877572967165918	34.708238998928294	
20.123796226297596	26.976324733543088	40.223144894760864	40.37558588264501	8.927337400868092	30.081630390490556	9.792443657968025	34.651787229031434	
19.426598338633177	24.690819320517438	39.45007754618467	38.620538018436804	10.628529529364094	31.24014498140126	10.92756225269167	33.31371541777313	
20.2961625597456	24.17086566223994	37.845640391306034	41.002211473388336	8.703867458301055	28.21586707391881	9.604419044692056	36.69735519477602	
19.370460765955027	25.649531459186136	40.53756970323946	41.434786135453855	7.892985499884519	30.701668053337567	11.499872641062794	35.33521821869172	
20.270721480549124	25.640274388621492	39.09784144189655	40.3431215338531	11.64477433953096	30.25785146686332	9.375453693214569	35.845309494658075	
18.202124883973344	24.643910006554062	41.63961116355621	39.551463383542036	10.193370835546874	30.296538630163727	10.43179388365695	34.34852060574055	
21.331762951561934	24.109125630408528	37.18073330078393	38.89746408116227	11.17692161145242	30.276504943944975	9.503556951299604	36.67698984225732	
22.00769112630499	26.047369234728315	38.88565425321704	39.740616982107845	9.66979282836863	28.769500547523606	9.61200773895915	35.3530121499138	
21.03328941572621	26.130628957121218	39.482466409105925	40.12745620632169	10.682368735951432	30.10409427684436	10.055665895011456	34.24747929809503	
20.88635131403581	26.51482187357865	40.08832966746657	37.42644951631319	10.1496257534331	28.431309176952958	9.037460856860442	34.00416701333629	
19.16107072768893	24.829528351050307	40.02432725839904	40.97270146509716	10.253529382863617	29.14085783342884	7.94017822022109	36.19435863273168	
20.413441241432732	23.281215055977277	40.32305891887417	38.18979522692277	11.496908935793662	29.562824641708396	8.797373658488707	35.194820877337136	
18.912375813978795	24.32841611521825	40.03097854542291	41.3981119296961	11.851440017448029	31.725800805979084	8.522167720932641	36.798109968502644	
19.805653088936825	22.75951886652181	40.1038421193399	41.182050837514915	11.258506507846832	31.004024356953312	8.943116556193303	36.731178132977675	
21.360749816464146	26.222603120353593	40.2205969392175	39.800649979627906	9.726283566513043	29.158743954900512	10.41120196507675	36.35914717323129	
19.418868542100533	25.689465145906077	38.031807051829944	40.01460081322621	10.722516899573774	30.044012118325156	9.214641826091011	33.89078529500584	
19.35816564011883	25.205079854206623	40.510325559589674	40.23791434661096	10.118346157966908	30.279484242325694	10.474584491416065	33.40054024470785	
20.430021887157153	24.85317778913067	37.69976644060806	38.61944144393245	10.669384663953217	30.43573740035691	10.53331666894373	34.873631407221126	
21.24167549353751	24.468361460932435	41.03108414790044	40.46989372823831	11.17124634004703	28.865724338097273	9.00363851724983	34.32179494207051	
20.280874063675405	25.18048614753893	39.89867666568458	39.662578110143535	10.924671429925352	29.80245912749942	9.370844028468222	35.646643289162256	
20.31943858380795	25.74339248547246	38.2767655855305	39.1376739345734	10.462259453289182	29.82798882446428	9.752018879980485	34.701741256184334	
19.020505296820545	25.226587370236533	40.96866369449715	39.54879618535899	10.531622468182363	29.170745389160697	10.900025531493265	34.04336021961101	
20.3504487825297	25.975515140483093	40.19905166605827	42.075406710695816	9.303884195485976	30.033000780760712	8.923537283953603	35.06743823505262	
19.73640399097267	25.36324928126584	39.04164728364058	39.594286122110894	12.638721310482373	30.464912426809228	10.006356885279567	35.33965749059796	
19.79251844829753	25.117201284619743	40.43496735604912	39.48083627754096	9.140636012173106	29.44266534609657	10.3872633566994	34.344022569147285	
19.249382653236065	25.38855059839007	39.50281354167367	40.66133624605279	10.286540206546395	30.401540812588458	8.20430220734954	34.27333028499478	
19.79623359455063	26.644594738484454	40.49558686601011	40.5215296107536	9.963675404967647	30.350334835766745	8.799089297171399	34.20945550251067	
19.548462731319425	26.296405618404304	40.7633890554545	40.06673742917213	10.842132815193619	29.06006051407855	11.302278636283537	34.73110506525772	
18.769425273138964	26.127289489722305	41.134907267555	39.913634761426394	11.592718910168436	27.509863648861437	10.109122349476051	34.99279081467169	
20.348533744916224	23.932889886307713	41.926398440965	39.91606891114657	10.041543592681768	31.328376501230945	8.738207487107704	34.992805687151	
20.054133605092645	25.396215853177377	39.492678381267716	40.30798004972393	8.676991170128952	31.29864915812927	10.24300763247341	35.40984799665972	
18.96067434688225	24.79840287587526	40.218974420718624	40.591777876509134	9.970793146483198	29.99574763782967	9.086611127625844	35.64500192555773	
20.83352166531356	24.33532715897731	41.03075697975866	39.519325845512334	11.26054323971119	28.996093358601225	9.67734179309462	35.03800587980047	
19.89046143611753	26.38462061085257	39.92128005111665	40.362222144594156	10.041008163408891	30.45080274648535	9.01879502449257	35.726660613827065	
19.81882531324652	24.274090412171926	39.629321163539274	40.13534023283816	10.11010027837333	29.159326714146626	9.691713031109982	35.84370057706769	
19.334663151555084	23.480918148934716	39.89558987064537	40.60786437180181	9.639944478324837	30.657740164387008	10.479946950925807	33.800986598863844	
19.447960871598887	23.070776856005953	38.24883359446053	40.53638346556807	10.498162109751371	29.7726742956416	11.07133762847165	34.64112079644374	
20.744962283669118	26.892669386462533	40.87695849031172	40.99462265556887	11.901285933430959	30.828627638043784	11.248351368840506	36.85784039324713	
26.091074492910526	34.12554889204091	0.7558347285965026	11.714705588783715	4.785183616696081	40.39529461064417	5.053243378573924	19.42811264062413	
27.34029637632975	35.68989499549067	0.5590916773461015	10.376096589009038	5.727069139661311	41.40467885022559	4.683330988059141	18.77565756502049	
25.485658422529877	35.29172434067421	1.461075404440413	10.641238483642098	4.300320374068878	40.46794521162648	6.233182885866286	19.75815284476171	
24.093776975700155	33.87095279866993	-0.009381893276727614	8.923650274243355	4.857244839876794	39.959580069576624	4.110621583760678	20.20217792046167	
25.38555021651191	34.7059801763259	-0.5012075626656862	10.67804085428483	2.5628623537929274	38.60145920383465	4.273907582988922	19.307072108441435	
24.61995034907281	35.515091136800564	0.6408696669050495	8.171727240480294	4.934310676267628	40.50098552025144	5.069079639617179	17.777782178291094	
25.616376764664196	35.08153356380064	0.14357133368758063	8.888276539929228	5.123738712305347	39.90651928584768	4.510522049498989	20.46218429403711	
24.739576613420397	35.139899814177795	0.9020207417296106	9.088055625499877	5.678776975292426	39.45290307557595	4.298418046063255	21.0005520381094	
26.615025312220435	33.68097627350263	0.2414729907580136	8.37926516976081	3.1041004790464397	38.88977640682828	4.946984208849854	20.501471112649153	
26.69266426934174	36.8661473950157	0.6625410506377389	11.359750646269447	4.75379610686165	39.391245819782554	5.8017741690863325	18.791888981363098	
25.722825653870967	36.43009997620175	-0.07018330382761591	9.743775269220151	6.267400294782601	40.050479462514616	5.347395141394159	19.0942847737363	
24.834522721718994	33.90943858619567	0.2623302143792335	10.121473766108693	6.11385018221829	40.634610691335915	4.871784829955612	21.93627326714747	
25.650407248372304	34.47371883262056	-1.9051887042359092	10.980090089106225	4.406666978273082	40.595340502743106	4.9638074248818285	18.12818363509392	
25.06592428105878	35.781733100299405	0.3661334586356409	9.521745970594766	5.280819690344043	41.841537031975584	4.861408819858992	19.70735650155962	
24.340388788461688	35.53991245520904	-0.22897172212535782	9.018436512265318	6.813081656119385	40.165599044023416	5.230999087463789	18.66907553394993	
24.321399926376476	33.779415837223134	-1.618997196084602	10.854111311924692	5.54976641864234	40.61738577737743	4.937528891585535	19.026032517471734	
24.587218079258083	33.830206878645235	0.20360903279626216	9.366777203942782	4.149022267732494	38.906650995271384	4.705340711292617	18.152933584866727	
26.419597002575166	37.66678336003273	1.1371882507585065	8.798408023902839	6.387243242768506	39.5329833022739	4.530923884692319	19.749858968091566	
25.197720872330272	36.30796144817547	0.02665098991203494	9.510414622554519	4.976497658425567	40.742300610593006	4.463336041214609	20.213909565604894	
25.382705685870572	35.05294265581512	-0.20084528899192913	9.782646775524332	4.5173658538460275	38.87615368891695	6.071827431315546	19.19121719698692	
25.873368100662667	34.27358537607825	-1.2828194895333684	11.293151689936625	6.1175060635870295	39.74932414982608	6.320671617060068	19.476759247720622	
23.674911538377046	34.15315741809091	-0.4180838239355	11.948007579452709	2.1135962266498725	41.70036231258105	4.722594843539679	19.194799968776856	
25.81772989789027	34.68767313914257	0.03796910754436701	10.784887157910164	5.126516825544111	40.801615490848924	4.091334019504524	20.72674925419168	
25.30094836063759	35.26424292840951	0.6877712682967446	10.34116935329128	3.9485072184615446	39.88106206943499	4.929099699174515	18.802662135891676	
26.684526277297017	34.39467854581979	1.135716873479926	7.879346551706119	5.653183442057493	39.49243399029126	5.999038679461733	20.658027195714112	
25.575807655850447	35.693704950787705	-0.6600384828174977	10.47140318675784	5.8644111401596195	38.85467559701735	3.0070996402160333	19.237284708591027	
24.65723064916769	34.441822657591146	0.5843285311446016	9.716146094068053	6.044111630089498	38.59009456124319	3.6716512784003807	19.185797542074514	
26.650605594762318	36.15138195439607	-0.8222804796250642	10.729059805424226	3.324951346307366	39.33244934585957	5.8845064000910945	19.967543152304753	
24.90608381109084	35.099068696336595	-0.91010524600402	10.02197763804922	4.982992175564813	39.33283901373256	4.051948536387597	21.261681215559282	
26.058238723304914	35.22346883431813	0.07797232547266766	10.794780491845934	4.553549627307529	39.09614312680844	7.1231362137341385	19.744162807652827	
23.826240304378	33.048445164597645	-1.3626840766858366	12.525398840178891	5.003213006775225	40.974205859662405	6.7765670553998145	20.74236978814418	
26.27395505887456	33.580773207695515	0.09326037141127673	9.209803720601325	4.978260037215276	40.2799225961854	3.625641032001928	20.63255601420081	
24.408683382408455	34.335503616022734	-0.1649059466003358	9.718256583679555	6.5798804487814975	39.13047147055458	5.932345951474093	19.46865292616947	
23.836325077533505	34.532139691895885	-1.4548054336358671	11.384469155230624	6.371554886493455	40.6540270890087	5.048329471026842	19.326470087873933	
25.199043723844987	35.03842292734292	-0.24975163335036712	10.469415188394951	4.350613167529873	39.25488543066809	5.211917900064977	21.06312331268454	
26.05242538767593	32.79830895493471	-1.0256945697109432	9.528635705325694	4.807674173943384	41.04223805017163	4.689464017539185	18.95097714304558	
25.027285485557957	34.243037753699404	0.21878737858665717	10.79305426478335	6.814458497055597	39.40177980047346	3.7654572849506076	20.286544033597444	
24.972230756540185	35.61506737865879	-0.39913327666154597	9.905444308867247	6.504126716616729	38.96634640022329	4.898725545025676	20.717507391699645	
25.836568664618508	33.44157879794289	-0.39649083818940467	9.205353971125133	5.5325554358209335	40.87039269112948	4.707093648919843	20.79124483384797	
25.595019770119563	35.048485173644295	-3.1734914272022006	8.533897724382571	5.604177942345215	40.41785453232495	2.9143335411260485	19.728986493615356	
26.56659240007947	34.94861052556394	1.321601533415797	9.242619072660895	5.224446728163485	39.502454954377825	4.706490148878042	20.52833449952167	
23.961287745566317	34.568203503018104	-0.3274877397556274	9.637327605847682	5.576188746004321	40.84102805930753	4.2245034958702945	18.763203267038527	
24.854900052723497	34.35084964773773	1.9280200532089227	10.157097225133715	5.987556401486096	39.12156875489293	5.2375794795191295	20.44385565336959	
25.12634212522133	34.636665399068434	0.42448969441569434	9.886811489133612	4.39181087370511	39.74993807283682	4.13379416159203	20.555787153888474	
24.854628958256008	36.290465107117186	1.3084129489780962	11.363839114906037	5.847769961799452	38.590363077975084	3.6931613375443364	19.275905270582623	
24.60905204845687	34.823845105648054	1.1627102747701974	10.815919405114105	4.373112068015104	40.10781595814426	4.056958228386154	20.14043624514838	
25.497166086596508	33.78300345295757	-0.3208200802280657	9.929500100627097	6.035725608828376	39.94234273421667	5.523521454606911	20.40309368836088	
25.724252711193266	35.902005896128976	0.37555450950853575	9.031310682124246	5.221598959557522	39.23955863540777	7.54591030217439	20.207456962681984	
25.276348501357067	35.10908166958434	-1.9707391816367854	8.906307909390796	5.454354994419345	38.779252552340786	4.731281455377493	19.55640294662369	
24.38681729941937	34.44903755328918	-0.2091529273535802	9.016297888981219	4.633186368834837	39.00878367447173	5.538635976813576	20.483851422489945	
24.612702537599365	34.43352579203295	0.4329350652765949	9.006752052951573	5.623685382710012	40.53621929461172	3.1758778904518965	20.568610666206943	
25.182688365756853	34.733024814164416	-1.3145461661995057	10.25130265152058	5.6739819066655555	39.90891256894092	2.6095362765586168	19.04017666622432	
25.134148418639665	36.68374650244787	1.9421616480582826	10.705793139001816	3.9422786498419127	40.24146435038646	4.928259376788115	19.787899402102514	
26.005500209537637	35.030603844763746	-1.2623077438922328	10.043891945069442	5.045278427379311	39.51467373462648	5.23595149997386	19.03195628460834	
25.214562248238288	35.695156648435514	0.328301201078621	9.498578501125294	4.643007549717571	39.59035764447154	4.922504877965576	20.58877326894991	
24.223213920557797	35.684550932942656	-0.7431334774055907	11.544780506528866	4.9213424956428495	38.596938543981096	4.630925902354555	18.573763141722658	
22.68953615242414	34.6441370134366	0.7049881933911177	10.582328166337343	4.892194074771936	40.17409576875976	5.167924891904766	18.577001139282196	
25.39061352419722	35.93643561400749	-0.09921162961756193	9.021180028311454	5.279670555098004	41.263743511100486	4.425218734468185	21.056191977428846	
26.22191960132362	33.88828171098273	-1.720315094093102	7.993069141310584	4.775723495149169	39.6291716546417	5.512207203481676	19.140852558114787	
25.778073897499407	36.24921547573414	-0.3705416627034948	10.420061037039718	5.428588090766203	40.40759945356438	4.642559710122811	19.220190066478438	
26.15905791011761	33.68114717114483	-0.32952975088683917	8.124418682096085	4.264545887463869	40.95159969972106	3.9264377611646077	20.363864471560007	
26.494621038330568	35.248161953974176	0.5411096942994087	10.344326921108086	4.125338205972557	39.321082021634076	4.866876260503539	19.443203188653165	
25.908512396232855	34.438190067314096	-1.494738698079284	9.98162413512952	3.9814528727568987	40.95800504497282	4.990844698857936	21.171996406281654	
23.882247485610467	33.22691018737076	0.12313069876279245	9.939613773484222	4.621264039994518	39.60968468652639	5.902073859214435	20.951654402885257	
37.50490548997067	8.778079353543928	14.459649006990492	-0.8655710548091605	33.372568241680334	34.21862374586338	31.51687589759318	28.732585273062163	
35.06555254444124	9.938398439390216	17.60275072965453	1.8192076672375446	34.82702080437046	32.72703479611583	29.680729034646358	28.81870691965647	
34.768633892324985	9.951408176944865	15.829599289348955	-0.6311448657613368	35.065878689753035	33.63165658703583	28.15216460728809	30.14735993205154	
34.16159762580354	10.082992288907462	16.569313371821313	0.22087009441448796	33.514795158787486	35.17982009164043	31.47311837445645	29.69966540594653	
36.22019060173983	11.149431913536946	15.61103693578402	0.7589886706673155	34.56798194566744	35.8197755670251	29.999787453438117	27.765751361891663	
33.19196716757813	10.17419546776385	15.03901652990894	0.1192862548870358	35.62460618591219	33.35276161607731	28.67739566010542	31.110903631397843	
34.611613254890486	9.36922242920969	15.806799426750652	-0.62392809874011	35.8156948114177	36.02125321589513	31.39953875787829	30.248071034948193	
34.64622252213272	11.26700316951294	14.961017288490611	-0.38498222726906584	33.343555398085904	35.335692401350165	31.16010972381141	28.637073352951393	
35.99502175590553	8.746534242142074	13.337261349911275	0.3593711116596809	36.28343000536972	35.35078109708731	28.8404292031217	30.699585076720908	
35.514902100216744	11.301363721962264	13.729354375143046	0.2970763489225049	32.534199185434716	35.13054646488939	30.230308517243945	29.691788998698087	
35.47135397628064	11.343110874455032	15.444592620203482	1.0589311010461009	34.5729486133255	35.89866695887459	29.468227903114713	30.432781474334515	
35.256045862398054	9.68548374073778	15.519490189379674	-0.9896455059149201	36.53944398195142	36.62857092624345	29.689609238009204	30.407610605177023	
34.072229981087176	11.222511753217674	16.128229731466824	-0.25139898087924734	34.41557207739379	36.36678460804578	27.636113462150767	31.056320138990134	
34.72069739157277	9.968317616067939	15.499990981515506	0.9097244373533315	35.169344120907304	34.615450500431024	29.861591076136254	33.116939166558936	
35.80165720636322	10.35181685648541	14.259942380587832	-0.4266736230327154	35.15214259228894	34.75602953760965	29.36832820823695	28.294534780887048	
34.76270631867927	8.274387192831156	14.325123970199149	-1.0482534511075257	34.90953289173758	35.925138573149205	31.081642709968836	30.85146409262807	
33.708990626971	10.198248611365187	15.421426855488246	1.591895064925133	33.64092133735836	35.848388395297405	29.545558886694042	30.678889808155773	
34.63522678676481	9.438571016322925	15.446054487408889	-1.0306396028247908	35.527938627144266	35.0825960708332	31.274384029880864	30.316543880936877	
35.62941495982212	10.339242129720791	14.32664261285978	-0.611852773949968	34.562305166909624	33.9353927901491	28.82154011320969	28.46703729005628	
34.643364768060884	8.516681989947449	16.27543129732862	0.15719368374140652	36.49718769830826	34.56502961617759	30.16905541524767	30.29643890039376	
36.52798984279652	9.812273559527485	16.40751521401338	-1.1699255807648474	35.229271672020396	34.948766898030485	31.56209039130662	29.71874361375194	
34.610515416919675	8.830940684316367	17.180909754868882	0.6294393207998382	35.005414638087885	33.90356064071874	29.88399014934663	30.10006143627519	
34.67507174358595	10.541798443378935	16.4704956955856	-0.6609777456620475	34.32396332022957	36.32958132267179	28.376316596667348	30.218991165397522	
33.751272633114716	8.800125550885912	17.46335716003241	-0.9999927864512566	33.263370101632724	35.259926541062015	31.340523524792392	30.47621578405809	
34.22874174495722	9.877184417779986	13.86077077119711	0.1014586339230115	34.99574753145353	36.286737612961204	29.2863886266494	29.632054899668262	
35.623927452569376	8.780448601694275	14.511469504363404	-0.5269979147144185	34.90277799632107	36.77125153185714	28.527587504872045	29.582889134093136	
35.32744254025548	10.271606438943241	13.292871641763696	0.6392136199430554	36.97790387868515	35.1949309862324	29.335379120339855	30.53528149783963	
35.17843517923388	8.984071474785985	14.439473695912582	-2.3841441735240414	34.680685808775465	35.62232914926344	29.401597909955143	30.79017236756491	
36.949809957714365	9.50597023442154	16.748579171399687	-0.3960674696145183	36.039881022414505	34.509729492484375	29.587228091144635	29.908252572560034	
37.078637697709894	9.224242455051698	14.595807263875328	-0.03597730453100442	35.19953477692595	34.711336796033684	30.753442752139406	30.83806328701	
33.97333124640234	9.982221372114385	15.529440753260499	1.4016599040381728	34.82161486268317	36.24459532892357	29.01353959435836	28.35564739425054	
33.59670059330986	10.364716849906687	16.45762544281731	-0.5229700258879432	34.502819035937236	34.57164816383447	31.789588712580432	30.08982701834925	
34.163993185558034	9.472059724853601	13.18004633495051	-0.9922573858498562	32.59558929608904	34.19047479172877	29.261588758539457	31.29326197503966	
32.718781027952396	10.119051858498096	15.257745274736648	-0.4947625240881884	33.29473561445257	34.34311955822371	29.244899191121213	28.37060705683917	
36.3253711485078	10.795916902444198	14.927047819590163	0.8020216782781147	35.312778476406734	33.25900086878644	30.172720667930268	28.044659970692003	
35.4248937187291	9.64707859882354	13.389848030026293	-2.0151805297741965	35.270510233151654	37.19531548843003	29.60447401346122	29.653318455229915	
35.325148321170275	11.839873463160735	15.934402193132996	-1.1500880103446665	34.70403870545106	33.99099406800604	30.717187240271663	29.587396679611537	
34.46533943335313	10.81602480039271	16.112919730564748	-1.407106772629611	36.75294159831964	34.677294168986585	29.33188698673066	30.46037372245036	
33.12060927420635	9.365552522806764	16.628157621872237	-0.42552615443158065	34.08789053349743	35.87345786431307	29.581059647968022	28.711539510275763	
34.3160628685283	10.22719996616063	14.896709993581734	1.1361567254962333	33.055685199155974	33.94021839423239	30.481441619658362	31.259985409486553	
35.81260187171939	9.413404593120799	15.805978868398844	0.5200531562576934	35.765447726914914	34.66395097174247	29.739848573471612	32.05104494023262	
35.746265159129756	10.020561272358368	16.64023709877025	0.886019382138709	34.850574334616525	34.12455644681035	30.896720741381827	29.517563559656214	
34.254555883814675	9.006943082072823	14.877647114931293	0.04898602918775445	34.98120536233822	33.8977224973945	30.38040467765778	28.65703611264145	
35.95621983821064	10.290436362562094	14.619470983995488	1.0333635485481987	37.51273857531391	33.921714769883145	30.137590320088584	30.877990334700804	
34.47111756451395	9.370026322613802	15.866167782773475	-0.865578669465507	34.43422096871081	35.13116802083601	30.28554682433466	29.56510443414138	
33.64448160816372	9.494933306412383	14.201846215941886	0.234175567865467	34.202714885445566	35.14421102090418	31.10241860511155	28.62864910131623	
34.867992809433446	11.666940781780823	14.762303289411213	0.7221481565125623	35.74998536496472	34.89513885118796	30.536490725541398	30.548075637083503	
34.747335385336186	11.261099847826916	12.466580299415579	-0.4774307229450063	34.93758119655436	34.163121159326536	29.66265490403479	29.306916754039385	
35.51011432958293	8.914777163947013	15.805014196683363	-1.5135985810633903	34.773519253951925	35.93404454843089	30.580023717555083	30.38221458385599	
33.504097624511445	9.998044461662497	14.929459474367002	0.4932793480659124	34.22433588324736	34.283001854983524	28.336810209061724	28.98714965160018	
35.71405958112459	11.173230139903458	14.356748841367441	-0.9240759715507512	34.1407602293234	34.53725013383731	29.65795345808955	28.985683192462865	
33.882113957296085	9.216536170663936	15.362624857712301	0.9634241360613773	34.789950589443485	35.54332927743794	31.0983483748949	29.4702033132861	
34.04584099007267	10.074630423599698	15.220882108644656	-0.06757000081535536	36.3907737500547	34.240151184617595	29.946602293111983	29.558563853521648	
35.035969749873836	8.36156381832547	14.809511731397155	-1.1766226947287777	35.04960842998871	36.19664707698128	29.463126451962363	29.207411352843895	
36.51304411650585	8.203114910736705	15.718730886736665	0.729543634649996	35.830079722553386	33.785304844409204	29.392079928545048	29.52129725934982	
34.84124858658164	9.727803410217689	14.040734282947215	0.061210422749761864	34.34376563315162	36.230986148736356	29.481876204698498	30.24213940971887	
35.47196377151224	9.50421233871167	12.196487841526924	0.11849221930223296	35.46137188464707	34.454118529732476	31.403994613838556	28.867014439153884	
33.110922229921215	10.656941484645069	14.755410444911986	-1.0372731542623264	34.4864035518311	34.95113510507498	32.809648881139545	31.239103154368532	
35.68400797601297	8.681745627385586	16.377909809202812	-2.026639701035765	33.82754653806294	35.37780644013089	29.92601678295349	28.892925858473482	
33.1059346063339	9.679405736578518	14.875896709319964	-0.7308321015415006	36.11219008428708	36.30345484513942	30.734208677452965	30.603136645034514	
33.628040824374146	9.128988307558153	14.827924741377593	-0.7015764900863277	36.24642415545978	35.57242356454355	30.2415025567609	29.41855480092979	
35.15062089984656	10.57064956110928	15.116204133604231	1.1398416372506688	36.75391971365483	35.609419173007886	28.699382107978547	30.605893761142198	
36.58187766763053	10.90553765504293	14.605624054570624	-0.0676278232192178	34.71437051030629	34.73436029360109	29.6590778445583	30.2133602892105	
34.34010817418272	9.987866461728554	15.437091053866848	0.20421792316943024	34.58328952248531	35.44473499643427	29.98691200704329	29.436380941523645	
26.17117118477817	10.334403137502711	14.944247717850994	30.57704161383176	4.688107795197989	46.46050638845465	41.966043472131524	37.34129510390943	
25.18581487099039	10.074400268881009	16.29760747279181	29.38257619137542	5.5101006517793465	43.656504072676356	39.20140335652236	34.676539398248295	
26.369384288072812	10.25650459574767	13.636759857106261	30.299328315298986	4.046397506995592	45.628844094011	39.59968205636472	34.04258048468087	
25.467257647885216	9.989915957914283	12.246060734493597	31.479135785579707	5.303847348295565	44.14326735973447	40.85279023368626	36.23243664360904	
25.458439658116877	10.972659967058503	15.603486325143322	29.12064236048144	5.1651104075808885	44.13388842566244	39.838909378284086	33.784305700215455	
25.391546107726047	12.500000897128569	15.289877457733061	28.698017370234478	4.566209890073663	44.48636192334673	37.09289815922305	36.39523183208372	
24.71758353282948	9.21308657063589	16.07231122195574	29.961007614092033	4.161904112449576	46.73665499973029	40.21143188603682	36.38431578520003	
24.920233973604635	10.716855112261985	16.091659982252455	29.823793308049616	7.262180291498876	44.41003979567555	39.5038447557746	33.91616544720964	
24.5219902661189	8.922031174234098	15.191882190590633	30.635412302349394	5.492088266302097	47.272167150308846	41.390264324597126	34.90398187175355	
24.975373291424052	9.56799860354347	14.437122428715524	31.086598510404382	4.168017734321802	45.82260240074441	37.886994235727855	35.060729151498144	
24.289328367380122	10.924711945200688	13.299353232049551	30.225344843288443	6.106156950678926	47.95933817065864	42.264204425459596	33.19972842680408	
25.136659403086092	8.709040432588207	14.293924734859221	29.743878376544462	3.926659479406369	46.64357566253948	41.71293584085016	35.80046298907443	
24.78020203458185	9.592767165573287	15.555922563839939	31.970298721825433	4.971965061808608	45.49383927048829	39.3316481114958	36.12212032016678	
26.51351118408863	9.72594744952153	14.421449287103796	31.618931844505425	5.067854709245409	45.499774273640114	41.12672143352719	37.46983257708552	
25.637949667227783	9.671888319947907	14.599222546987965	30.229157505014754	3.2798143217164766	44.65266577244818	39.11757292485535	35.38339570885825	
26.197862892208033	10.111911049365514	14.808833492773935	30.72516036553901	5.507877811771039	46.16579773523419	41.30087625191863	34.29737471717617	
21.895134415336727	8.901547864278584	14.911044381009756	30.764498938040674	6.304662490899674	45.0083346532206	40.474805669208486	34.893607279307346	
25.976983881991597	10.125771355164074	13.564161206103787	29.62494763852049	4.117490084605284	45.42727451648572	40.20002073416525	34.578618272885066	
23.49801784396389	9.254055083561642	16.503283205526685	28.416973099963467	5.318034830666655	45.290022218570776	41.60005171773247	36.15397453779739	
25.540139607110028	9.558328586478652	15.890874663033738	31.891120109954585	4.106456447277062	45.461911180891875	39.04193454529667	35.991535004604614	
24.179692355795428	9.967753961421778	15.524480543619594	30.275260905866485	6.094344497549433	44.93729990859712	40.26272709074041	33.70364401077477	
26.05497077002031	9.80057830331651	14.91145379085642	31.125854510029583	5.510250720264885	45.910159065604	40.19841284106691	34.558931386332304	
25.913631008792716	10.447164779587547	14.301025281177637	30.00314611269684	4.726938459562131	45.423481647406476	40.80681144346585	33.873265313295626	
26.469830572365364	10.491394372171978	16.549814975640864	29.256834501983462	5.000346437383051	46.02520660718137	39.00620120107117	35.353820158396374	
25.507144236488713	8.122975247529158	15.727069568856514	29.448634121461172	5.704058650981427	44.95763580436277	40.338053564797306	34.78069811722139	
24.494844538034087	9.960674365822022	15.029814882808806	29.625303019317904	4.127071911637893	44.53737452171782	39.70883109092175	37.18595421701141	
22.91875720387266	10.556368386803385	14.525006532448394	29.750245043510905	4.062301854179212	45.57494466571752	39.15190178225712	35.04516577422904	
22.722492614009735	11.367416375767217	14.832352357510517	30.541185791079194	5.5903716733768105	44.937576517618865	40.13687616221149	34.64296865597634	
24.17541016091475	8.751834601323843	14.910460977267	29.42482744196006	4.425769328865157	44.740298970896305	39.737541535152026	35.37800387583021	
26.480962476562805	9.599157212721607	15.0208237219717	31.15575107652135	5.95847585702543	44.84743290110225	39.77997009730433	35.617378825638866	
23.733666277138113	7.7439706659679235	14.207094132066784	28.671716907364157	4.341409157889156	46.0401050936053	40.6590276054125	36.5031098724812	
24.591534784069616	10.025011853484862	15.574517447698492	30.094181767884198	5.72289587994156	44.88074199345148	40.703455158937885	35.59782237187084	
25.76974564703545	10.064407121042057	14.564924155011651	28.73478767956649	4.682377141859355	44.289658038020924	39.344998492216014	35.32154299363217	
25.017613063568923	9.86797968294045	17.12253451392002	29.810424862188093	6.227179854633195	44.92213339472882	40.43510053348002	35.65954564971231	
25.376107768926808	11.23186595005342	14.02107467583709	28.63799520393849	4.274052614009572	44.47512075262987	38.80881113989905	35.722829817745314	
24.89529585520704	10.832515571326939	13.485954607146091	29.02980965708626	4.655857169008313	46.01120035213909	40.38746480632585	35.08816774241106	
25.032728293600794	11.788885287876138	16.32491567786854	28.51757150287988	4.90211894318138	44.5645219383691	39.196100775529764	32.58815005723143	
25.17081133706844	11.890765732914344	14.253517703931495	30.187274979678104	5.10571842674589	43.746337606546554	39.71031064001327	36.17537722893964	
25.16886870075762	9.217776827400089	16.649738766796585	28.43929785202503	4.488289240198145	45.20392644910534	41.06358368710745	34.150605508103716	
25.74156377020581	9.416367671931804	15.975220107327768	29.454152385596572	6.288354650675109	44.65203936569053	39.43195044024261	34.759367771168456	
25.453682023416203	10.568487322977106	15.907895665647459	30.194007347874237	4.427497802778553	43.85383101676189	41.09407049125179	34.485413854088755	
26.71416722799722	9.83801649147734	14.638863804208361	30.596579362486978	6.525922686404307	44.65950399397441	41.78104157561948	34.791882338361965	
23.30218461602978	11.075649767861046	14.742843404255435	29.444531204800377	7.229871821588068	45.42495444176927	42.3203167598162	36.12384541401467	
24.75205463085241	10.543620983720022	14.673965896365743	28.509596341916378	5.596836157825043	46.26182743851534	40.03879971480248	35.02702960652447	
25.1095499847866	9.47006522070018	14.914430457391791	29.1693751719044	6.63196175401846	45.91044459391177	38.86861789233852	33.939204033165296	
25.928995004836562	10.001538280892614	14.06278754176321	30.42647646232134	4.731243909228158	44.1498122877172	38.999225300640965	35.74872940098408	
24.468919577109826	10.503523861357234	15.64356837109961	30.333484634546895	6.562944711558085	45.650751451582536	40.806299013124544	33.46008216903255	
24.437937401695923	9.108113628184807	15.840708411118198	28.579520524045158	7.306120211263909	45.54654372280337	39.443256124288816	36.37362217409454	
24.536350663392454	9.704993779775913	16.61825177695183	29.885964096799846	5.20020028578959	44.24253446211596	40.20508530327646	35.35948525594254	
24.403452226646323	11.267848764088198	15.876722415925851	29.302181796184552	6.585043486892635	45.172387680058534	39.916833232927964	35.62158541323501	
24.787744241309408	8.73451858427036	15.245947235628694	30.61222052936894	4.689165386961274	46.25531111054873	39.95559192202636	32.62359493741481	
26.440506044606803	10.266508436763186	13.033267963674612	29.928017529294106	5.684026000615445	44.175809574773304	40.70072044983337	34.533016624362446	
21.87288077631182	10.364770035890986	15.138834600832809	29.186071465545137	3.6499471847907294	45.353275316016706	40.34876409859503	33.3126104655848	
24.493200530078582	9.761021163641926	15.43763447794205	29.50287878286793	2.5053993311619513	43.9894016866514	38.36969200126285	35.39561026824573	
25.005714455400895	9.787235078507836	15.169311802842172	29.055205633812268	3.741957519616543	43.173752429824056	40.1595697618801	36.722186306413846	
25.038693717740635	9.293486827265442	15.106420094089675	29.849016790266898	3.7767389899927375	44.345866210701175	40.44640439766753	35.739679578296176	
26.29671275183838	10.047758169958021	13.010104653148629	27.26121574566754	5.378551170895734	45.49729348697501	41.48145707231309	33.20717455873997	
25.990752420209983	9.453503231216388	13.060774392364277	29.538503199432473	5.21706587403472	44.44897791917969	38.76171452898603	34.712344627753325	
24.954119698382183	10.948992351622023	15.081017352398217	30.61938460856034	4.608928545085352	46.059627644494796	39.21089177898091	34.67197282284604	
26.08659651743579	11.960211007593426	15.636352338087896	30.937078173658705	6.173644515507552	43.237632274095645	39.223139323482954	33.572805118049395	
25.998511869214838	9.987261120237244	15.485007673390042	29.719586416618117	6.624084435104856	43.92060826622515	39.79269846100105	37.033216517078294	
25.04506507742796	10.063097732973931	14.638637523238451	28.732741937605777	5.378119055295642	43.42335034179967	38.909002569670186	34.18221845126653	
24.82732786348331	9.59710277430189	14.876502156524921	30.20318267966084	4.0882038400857725	44.11252202656249	40.09090211266044	33.677815354125215	
26.647169079665684	8.353199604333582	13.07861967059611	30.135696315716398	5.577654385349152	45.388052289222784	39.56314370477391	33.970759054253286	
